15
90 48 10
3 47 4
26 81 6
30 35 8
96 43 1
97 59 5
4 12 4
39 14 10
48 56 4
69 41 7
98 90 4
91 38 4
44 6 6
55 47 3
7 16 9
86 49 9
64 56 5
79 38 1
70 32 3
30 25 5
73 79 6
11 78 5
68 89 3
80 78 2
73 80 6
9 81 9
68 69 9
84 46 9
41 16 5
42 27 9
14 56 4
4 27 6
17 22 10
61 15 4
30 75 1
3 46 9
79 29 5
74 86 6
22 51 2
33 4 8
40 7 2
29 59 2
63 39 6
38 49 2
50 1 1
65 61 6
24 10 5
71 41 3
81 80 8
28 79 6
18 79 7
67 62 5
19 4 6
74 25 7
17 26 3
17 37 6
35 41 5
91 81 8
18 16 7
41 78 7
92 71 3
37 96 2
86 73 2
6 15 4
4 68 2
50 98 8
48 82 9
2 43 6
6 50 2
4 29 8
11 24 3
84 2 10
33 80 4
6 82 2
87 59 5
65 34 8
56 58 9
36 52 9
99 27 4
15 38 3
37 6 9
19 29 10
23 7 4
57 68 5
17 31 1
5 85 5
30 64 3
98 34 4
14 60 10
58 32 6
45 56 1
57 21 4
19 32 8
41 21 10
26 25 3
16 46 7
38 77 6
12 52 8
98 71 3
43 92 5
